0.000000
0.132246
-0.003299
-0.016863
0.010072
-0.004257
0.024693
-0.005843
-0.042540
0.005263
-0.030693
-0.020514
-0.043577
-0.006858
0.001788
0.021196
0.013626
-0.005084
-0.067299
-0.012831
0.004966
0.032402
-0.070623
0.084016
-0.007046
0.133526
0.006529
-0.004576
-0.000836
-0.001050
0.004841
0.007104
0.004722
-0.035405
-0.008767
-0.019466
-0.033832
-0.029484
0.007238
0.006183
-0.012953
0.007003
-0.019715
0.003486
-0.004328
0.000027
-0.003202
-0.003355
-0.002415
0.109922
-0.007889
0.006478
-0.000773
-0.006815
-0.010147
-0.004726
-0.005771
-0.008070
0.002836
0.015675
-0.012161
-0.024006
0.004700
-0.016750
0.002590
-0.035822
-0.011492
-0.002321
-0.005592
0.015905
0.009046
-0.011294
0.006020
0.072656
0.007699
0.007685
-0.034622
0.005036
-0.002940
-0.028144
0.004617
0.002569
-0.046908
0.006557
-0.012017
0.025966
-0.002395
0.025067
-0.001714
-0.009712
0.013027
-0.026520
-0.009676
0.000000
0.000000
0.000000
0.000000
0.000000
0.000000
0.000000
0.000000
0.000000
0.000000
0.000000
0.000000
0.000000
0.000000
0.000000
0.000000
0.000000
0.000000
0.000000
0.000000
0.000000
0.000000
0.000000
0.000000
0.000000
0.000000
0.000000
0.000000
0.000000
0.000000
0.000000
0.000000
0.000000
0.000000
0.000000
0.000000
0.000000
0.000000
0.000000
0.000000
0.000000
0.000000
0.000000
0.000000
0.000000
0.000000
0.000000
0.000000
0.000000
0.000000
0.000000
0.000000
0.000000
0.000000
0.000000
0.000000
0.000000
0.000000
0.000000
0.000000
0.000000
0.000000
0.000000
0.000000
0.000000
0.000000
0.000000
0.000000
0.000000
0.000000
0.000000
0.000000
0.000000
0.000000
0.000000
0.000000
0.000000
0.000000
0.000000
0.000000
0.000000
0.000000
0.000000
0.000000
0.000000
0.000000
0.000000
0.000000
0.000000
0.000000
0.000000
0.000000
0.000000
0.000000
0.000000
0.000000
0.000000
0.000000
0.000000
0.000000
0.000000
0.000000
0.000000
0.000000
0.000000
0.000000
0.000000
0.000000
0.000000
0.000000
0.000000
0.000000
0.000000
0.000000
0.000000
-0.006291
-0.000375
0.005089
-0.026071
-0.002791
-0.012156
0.015022
-0.000768
-0.001226
0.024124
-0.005051
0.014975
0.005440
-0.008960
0.014222
0.000869
-0.019434
-0.007596
0.004208
-0.004006
-0.004441
0.002578
0.012638
0.000000
0.000000
0.000000
0.000000
0.000000
0.000000
0.000000
0.000000
0.000000
0.000000
0.000000
0.000000
0.000000
0.000000
0.000000
0.000000
0.000000
0.000000
0.000000
0.000000
0.000000
0.000000
0.000000
-0.014877
-0.012453
-0.009992
-0.006903
0.005703
-0.014361
-0.000714
-0.022473
0.011801
-0.022947
-0.010375
0.116462
-0.004248
-0.000485
0.017224
0.027489
-0.012687
-0.005760
-0.025149
-0.002216
0.001614
-0.040825
0.026165
-0.017289
-0.008556
-0.003331
-0.024303
0.007101
0.014657
-0.013951
-0.025233
0.002128
-0.016977
-0.011475
-0.007864
0.140042
-0.007956
0.009345
0.004731
-0.006337
-0.016835
-0.011912
0.002690
0.011040
-0.036139
0.016405
-0.015738
-0.018358
-0.014438
0.012755
0.002745
0.001645
-0.000232
-0.009029
-0.006191
-0.031455
0.019588
0.006821
-0.006871
0.093822
-0.017119
-0.010771
-0.001600
0.004480
-0.012028
-0.006272
0.001894
0.006185
0.000165
-0.006326
-0.004686
-0.017785
-0.023600
0.006282
-0.026780
-0.014866
0.010134
-0.020089
-0.014634
-0.007647
0.020423
-0.006602
-0.013867
0.115856
0.021904
-0.011709
0.000597
-0.015817
-0.005777
0.001194
-0.000684
0.014479
0.000000
0.000000
0.000000
0.000000
0.000000
0.000000
0.000000
0.000000
0.000000
0.000000
0.000000
0.000000
0.000000
0.000000
0.000000
0.000000
0.000000
0.000000
0.000000
0.000000
0.000000
0.000000
0.000000
0.007446
-0.010599
-0.016072
-0.003517
0.002344
-0.004289
-0.001078
-0.003648
-0.007805
-0.014456
-0.004663
-0.006762
-0.003664
-0.014802
-0.000760
-0.004836
0.130623
0.002702
-0.022643
-0.004209
-0.001930
-0.009286
-0.008093
0.000000
0.000000
0.000000
0.000000
0.000000
0.000000
0.000000
0.000000
0.000000
0.000000
0.000000
0.000000
0.000000
0.000000
0.000000
0.000000
0.000000
0.000000
0.000000
0.000000
0.000000
0.000000
0.000000
-0.000880
-0.007266
-0.021787
0.006400
-0.004017
-0.004010
-0.004582
0.010964
-0.009224
0.006921
-0.008972
-0.026325
-0.005728
-0.014916
-0.010389
0.009337
-0.016379
-0.008346
0.105340
-0.004114
0.000741
0.003215
0.004016
-0.012622
-0.005380
-0.013012
-0.001450
-0.009405
0.015087
-0.010505
0.013570
0.017669
-0.022182
-0.006888
-0.013217
0.001149
-0.016817
0.003870
0.013176
-0.011542
-0.022370
-0.013408
0.080667
0.006934
-0.001186
0.007869
0.000000
0.000000
0.000000
0.000000
0.000000
0.000000
0.000000
0.000000
0.000000
0.000000
0.000000
0.000000
0.000000
0.000000
0.000000
0.000000
0.000000
0.000000
0.000000
0.000000
0.000000
0.000000
0.000000
-0.025522
-0.012010
-0.011269
-0.015857
0.000064
-0.004729
-0.015787
0.014809
0.005135
-0.007121
-0.000093
-0.005985
0.003226
0.016555
0.016852
-0.002804
0.005416
-0.017813
0.001094
0.015391
-0.003407
0.037165
0.006690
0.000000
0.000000
0.000000
0.000000
0.000000
0.000000
0.000000
0.000000
0.000000
0.000000
0.000000
0.000000
0.000000
0.000000
0.000000
0.000000
0.000000
0.000000
0.000000
0.000000
0.000000
0.000000
0.000000
0.151012
-0.026125
-0.005552
-0.006082
-0.004544
-0.011920
0.012458
0.036975
-0.000570
0.008960
0.018917
-0.011735
-0.015325
-0.026856
-0.025045
-0.031115
-0.015939
0.057411
-0.013935
-0.032238
-0.033270
0.035942
-0.061343
-0.023698
0.145713
-0.005787
0.008111
-0.004687
0.005180
0.013219
-0.003811
0.002475
0.010765
-0.008751
-0.027901
-0.013328
-0.019121
-0.018356
-0.007239
-0.012892
0.001650
-0.006229
-0.005550
-0.005276
-0.004959
-0.019554
-0.015268
-0.017847
0.156159
-0.008179
0.003345
0.013259
-0.006519
-0.009968
0.000136
0.017533
-0.005067
-0.025482
-0.017726
-0.013123
-0.026884
0.001218
-0.013531
0.009739
-0.011805
-0.013508
-0.006894
0.002819
-0.012436
-0.018423
-0.011671
-0.018111
0.122908
-0.001877
0.010568
-0.016392
-0.000006
-0.009645
0.009611
0.031165
-0.023356
-0.020741
-0.008632
-0.043005
0.008799
-0.011172
0.022309
-0.010735
-0.013977
0.017465
-0.005203
-0.009877
0.000000
0.000000
0.000000
0.000000
0.000000
0.000000
0.000000
0.000000
0.000000
0.000000
0.000000
0.000000
0.000000
0.000000
0.000000
0.000000
0.000000
0.000000
0.000000
0.000000
0.000000
0.000000
0.000000
0.000000
0.000000
0.000000
0.000000
0.000000
0.000000
0.000000
0.000000
0.000000
0.000000
0.000000
0.000000
0.000000
0.000000
0.000000
0.000000
0.000000
0.000000
0.000000
0.000000
0.000000
0.000000
0.000000
0.006912
0.024875
-0.019648
-0.007834
0.011907
-0.012911
0.067068
-0.015184
-0.014998
0.025187
0.004727
0.013811
-0.029786
0.003400
-0.003456
-0.000497
-0.014333
0.004188
-0.004581
-0.028085
0.003291
-0.018793
0.004742
0.000000
0.000000
0.000000
0.000000
0.000000
0.000000
0.000000
0.000000
0.000000
0.000000
0.000000
0.000000
0.000000
0.000000
0.000000
0.000000
0.000000
0.000000
0.000000
0.000000
0.000000
0.000000
0.000000
0.002011
-0.022431
-0.007571
-0.006049
0.009705
-0.000069
-0.003330
0.003220
0.013771
-0.000190
-0.001199
0.006863
0.003648
-0.003847
0.003326
-0.003516
-0.004548
-0.003074
0.004573
0.002273
0.001084
0.002470
0.002882
-0.019539
0.003575
-0.000349
-0.031110
0.000607
-0.016936
0.028667
-0.002170
-0.002283
0.045391
-0.004683
0.017692
0.005179
-0.008253
-0.001427
-0.003538
-0.020028
-0.010710
0.010090
-0.010359
-0.004706
0.005960
0.018928
0.000000
0.000000
0.000000
0.000000
0.000000
0.000000
0.000000
0.000000
0.000000
0.000000
0.000000
0.000000
0.000000
0.000000
0.000000
0.000000
0.000000
0.000000
0.000000
0.000000
0.000000
0.000000
0.000000
-0.019273
-0.023944
-0.011822
-0.002241
-0.001682
0.007246
0.003805
-0.004705
0.012795
0.025651
0.010707
0.119768
-0.018338
-0.008381
-0.008927
-0.009766
-0.016777
0.013627
-0.021087
-0.015367
-0.008719
-0.001972
-0.020600
-0.012314
-0.018536
-0.012734
-0.000966
-0.000001
0.000137
-0.007679
-0.000613
-0.005628
0.022961
0.001116
-0.023723
0.148381
-0.013004
-0.025915
-0.026386
-0.015264
0.020183
-0.016058
-0.013231
-0.003277
0.012709
-0.010151
-0.024613
-0.019143
-0.004998
-0.002967
-0.000174
0.000785
0.007146
-0.005565
0.002089
-0.023803
0.014215
0.000039
-0.019034
0.129939
-0.014675
-0.014479
-0.004590
0.003978
-0.004000
-0.013872
-0.006904
0.016015
-0.015377
-0.013716
-0.016413
-0.018591
-0.014489
-0.006950
-0.008940
-0.003056
0.019388
-0.009063
0.027133
-0.015449
-0.000082
-0.024011
-0.009653
0.100361
0.010949
-0.005241
-0.000522
-0.004793
-0.000206
0.000123
-0.002970
-0.003809
0.000000
0.000000
0.000000
0.000000
0.000000
0.000000
0.000000
0.000000
0.000000
0.000000
0.000000
0.000000
0.000000
0.000000
0.000000
0.000000
0.000000
0.000000
0.000000
0.000000
0.000000
0.000000
0.000000
-0.006433
-0.013703
-0.009413
-0.010303
0.000096
-0.003875
-0.001968
-0.004911
-0.009541
-0.007039
0.000126
-0.015627
-0.013123
-0.011575
-0.010556
-0.007433
0.146070
0.006400
-0.010276
-0.008589
-0.006848
0.003640
-0.005117
0.000000
0.000000
0.000000
0.000000
0.000000
0.000000
0.000000
0.000000
0.000000
0.000000
0.000000
0.000000
0.000000
0.000000
0.000000
0.000000
0.000000
0.000000
0.000000
0.000000
0.000000
0.000000
0.000000
-0.014754
-0.020049
-0.014655
-0.003913
-0.006762
0.006706
0.002616
0.002600
0.005188
0.019198
0.000847
-0.033317
-0.021958
-0.016090
-0.027395
0.001753
-0.010183
0.003707
0.150680
-0.012947
0.003679
-0.001666
-0.013287
-0.009172
-0.016414
-0.015236
-0.005012
-0.011876
0.024427
-0.009215
0.024773
0.011988
0.017097
0.010666
-0.021989
-0.010909
-0.018920
-0.024520
-0.012405
-0.014316
0.006834
-0.021929
0.088783
0.003066
0.033463
-0.029188
0.000000
0.000000
0.000000
0.000000
0.000000
0.000000
0.000000
0.000000
0.000000
0.000000
0.000000
0.000000
0.000000
0.000000
0.000000
0.000000
0.000000
0.000000
0.000000
0.000000
0.000000
0.000000
0.000000
-0.021499
-0.004694
-0.014717
-0.019603
-0.004211
-0.009276
0.002300
0.012224
0.008768
0.000281
0.010990
-0.015858
-0.003761
0.024847
-0.015049
-0.015920
-0.006433
-0.032152
0.020474
0.017472
-0.005218
0.064230
0.006806
0.000000
0.000000
0.000000
0.000000
0.000000
0.000000
0.000000
0.000000
0.000000
0.000000
0.000000
0.000000
0.000000
0.000000
0.000000
0.000000
0.000000
0.000000
0.000000
0.000000
0.000000
0.000000
0.000000
0.000879
0.001218
0.001041
0.000446
0.000000
0.000000
0.000000
0.000000
0.000000
-0.005790
0.000000
0.000909
0.000899
0.000815
0.000693
0.000000
0.000759
0.000000
0.001198
0.000850
0.000000
-0.003627
0.000000
0.001218
-0.000668
-0.001354
-0.002369
0.000000
0.000000
0.000000
0.000000
0.000000
-0.005166
0.000000
0.000848
0.002066
0.001284
0.001058
0.000000
0.002394
0.000000
-0.001391
0.001133
0.000000
0.000202
0.000000
0.001041
-0.001354
-0.005201
0.005411
0.000000
0.000000
0.000000
0.000000
0.000000
-0.004099
0.000000
0.001171
0.002768
-0.002742
0.000138
0.000000
-0.000970
0.000000
-0.000761
-0.000407
0.000000
-0.002952
0.000000
0.000446
-0.002369
0.005411
-0.011027
0.000000
0.000000
0.000000
0.000000
0.000000
-0.005744
0.000000
0.001321
-0.001742
0.003996
0.001677
0.000000
0.000516
0.000000
0.001640
0.003435
0.000000
0.010448
0.000000
0.000000
0.000000
0.000000
0.000000
0.000000
0.000000
0.000000
0.000000
0.000000
0.000000
0.000000
0.000000
0.000000
0.000000
0.000000
0.000000
0.000000
0.000000
0.000000
0.000000
0.000000
0.000000
0.000000
0.000000
0.000000
0.000000
0.000000
0.000000
0.000000
0.000000
0.000000
0.000000
0.000000
0.000000
0.000000
0.000000
0.000000
0.000000
0.000000
0.000000
0.000000
0.000000
0.000000
0.000000
0.000000
0.000000
0.000000
0.000000
0.000000
0.000000
0.000000
0.000000
0.000000
0.000000
0.000000
0.000000
0.000000
0.000000
0.000000
0.000000
0.000000
0.000000
0.000000
0.000000
0.000000
0.000000
0.000000
0.000000
0.000000
0.000000
0.000000
0.000000
0.000000
0.000000
0.000000
0.000000
0.000000
0.000000
0.000000
0.000000
0.000000
0.000000
0.000000
0.000000
0.000000
0.000000
0.000000
0.000000
0.000000
0.000000
0.000000
0.000000
0.000000
0.000000
0.000000
0.000000
0.000000
0.000000
0.000000
0.000000
0.000000
0.000000
0.000000
0.000000
0.000000
0.000000
0.000000
0.000000
0.000000
0.000000
0.000000
0.000000
0.000000
0.000000
0.000000
-0.005790
-0.005166
-0.004099
-0.005744
0.000000
0.000000
0.000000
0.000000
0.000000
-0.006838
0.000000
0.005414
0.003277
-0.002884
0.006240
0.000000
0.002006
0.000000
-0.001508
0.002075
0.000000
-0.000711
0.000000
0.000000
0.000000
0.000000
0.000000
0.000000
0.000000
0.000000
0.000000
0.000000
0.000000
0.000000
0.000000
0.000000
0.000000
0.000000
0.000000
0.000000
0.000000
0.000000
0.000000
0.000000
0.000000
0.000000
0.000909
0.000848
0.001171
0.001321
0.000000
0.000000
0.000000
0.000000
0.000000
0.005414
0.000000
0.000292
0.000897
0.001630
-0.000173
0.000000
0.001099
0.000000
-0.000944
0.001811
0.000000
0.005292
0.000000
0.000899
0.002066
0.002768
-0.001742
0.000000
0.000000
0.000000
0.000000
0.000000
0.003277
0.000000
0.000897
0.000461
0.000786
0.001504
0.000000
0.001007
0.000000
0.002104
0.001067
0.000000
0.002193
0.000000
0.000815
0.001284
-0.002742
0.003996
0.000000
0.000000
0.000000
0.000000
0.000000
-0.002884
0.000000
0.001630
0.000786
-0.000068
0.001313
0.000000
-0.000119
0.000000
0.000203
0.002763
0.000000
0.001745
0.000000
0.000693
0.001058
0.000138
0.001677
0.000000
0.000000
0.000000
0.000000
0.000000
0.006240
0.000000
-0.000173
0.001504
0.001313
0.001719
0.000000
0.000323
0.000000
-0.001225
0.001627
0.000000
0.005485
0.000000
0.000000
0.000000
0.000000
0.000000
0.000000
0.000000
0.000000
0.000000
0.000000
0.000000
0.000000
0.000000
0.000000
0.000000
0.000000
0.000000
0.000000
0.000000
0.000000
0.000000
0.000000
0.000000
0.000000
0.000759
0.002394
-0.000970
0.000516
0.000000
0.000000
0.000000
0.000000
0.000000
0.002006
0.000000
0.001099
0.001007
-0.000119
0.000323
0.000000
-0.004758
0.000000
0.001721
0.000766
0.000000
0.012281
0.000000
0.000000
0.000000
0.000000
0.000000
0.000000
0.000000
0.000000
0.000000
0.000000
0.000000
0.000000
0.000000
0.000000
0.000000
0.000000
0.000000
0.000000
0.000000
0.000000
0.000000
0.000000
0.000000
0.000000
0.001198
-0.001391
-0.000761
0.001640
0.000000
0.000000
0.000000
0.000000
0.000000
-0.001508
0.000000
-0.000944
0.002104
0.000203
-0.001225
0.000000
0.001721
0.000000
-0.011068
0.001734
0.000000
-0.000276
0.000000
0.000850
0.001133
-0.000407
0.003435
0.000000
0.000000
0.000000
0.000000
0.000000
0.002075
0.000000
0.001811
0.001067
0.002763
0.001627
0.000000
0.000766
0.000000
0.001734
-0.000288
0.000000
-0.004617
0.000000
0.000000
0.000000
0.000000
0.000000
0.000000
0.000000
0.000000
0.000000
0.000000
0.000000
0.000000
0.000000
0.000000
0.000000
0.000000
0.000000
0.000000
0.000000
0.000000
0.000000
0.000000
0.000000
0.000000
-0.003627
0.000202
-0.002952
0.010448
0.000000
0.000000
0.000000
0.000000
0.000000
-0.000711
0.000000
0.005292
0.002193
0.001745
0.005485
0.000000
0.012281
0.000000
-0.000276
-0.004617
0.000000
-0.025672
0.000000
0.000000
0.000000
0.000000
0.000000
0.000000
0.000000
0.000000
0.000000
0.000000
0.000000
0.000000
0.000000
0.000000
0.000000
0.000000
0.000000
0.000000
0.000000
0.000000
0.000000
0.000000
0.000000
0.000000
0.000899
0.000954
0.000905
0.001055
0.000000
0.000000
0.000306
0.000000
0.001740
0.001259
0.000000
0.000948
0.000899
-0.000022
0.000919
0.000000
0.000840
0.000000
0.001052
0.000967
0.000000
0.000900
0.000000
0.000954
0.000543
0.001126
0.001287
0.000000
0.000000
0.001379
0.000000
-0.005676
-0.000746
0.000000
0.001360
0.000304
0.001040
0.001855
0.000000
0.000762
0.000000
0.000357
0.000758
0.000000
-0.000669
0.000000
0.000905
0.001126
0.000525
0.000482
0.000000
0.000000
0.000312
0.000000
-0.005287
0.001102
0.000000
0.000767
0.000739
0.000606
0.000292
0.000000
0.001263
0.000000
0.001758
0.001365
0.000000
0.001123
0.000000
0.001055
0.001287
0.000482
0.000308
0.000000
0.000000
-0.002897
0.000000
-0.010166
0.001147
0.000000
0.000877
0.001143
0.002141
0.000553
0.000000
-0.000122
0.000000
0.001714
0.001072
0.000000
0.000101
0.000000
0.000000
0.000000
0.000000
0.000000
0.000000
0.000000
0.000000
0.000000
0.000000
0.000000
0.000000
0.000000
0.000000
0.000000
0.000000
0.000000
0.000000
0.000000
0.000000
0.000000
0.000000
0.000000
0.000000
0.000000
0.000000
0.000000
0.000000
0.000000
0.000000
0.000000
0.000000
0.000000
0.000000
0.000000
0.000000
0.000000
0.000000
0.000000
0.000000
0.000000
0.000000
0.000000
0.000000
0.000000
0.000000
0.000000
0.000306
0.001379
0.000312
-0.002897
0.000000
0.000000
-0.034712
0.000000
-0.000409
-0.000505
0.000000
0.004112
0.001771
-0.005240
-0.000408
0.000000
-0.000848
0.000000
-0.008473
-0.006540
0.000000
0.010849
0.000000
0.000000
0.000000
0.000000
0.000000
0.000000
0.000000
0.000000
0.000000
0.000000
0.000000
0.000000
0.000000
0.000000
0.000000
0.000000
0.000000
0.000000
0.000000
0.000000
0.000000
0.000000
0.000000
0.000000
0.001740
-0.005676
-0.005287
-0.010166
0.000000
0.000000
-0.000409
0.000000
-0.021387
-0.000366
0.000000
-0.002905
0.003458
-0.009071
-0.000370
0.000000
-0.000266
0.000000
0.002929
-0.014391
0.000000
-0.001472
0.000000
0.001259
-0.000746
0.001102
0.001147
0.000000
0.000000
-0.000505
0.000000
-0.000366
-0.023661
0.000000
0.002049
-0.002644
0.001461
0.003578
0.000000
-0.001553
0.000000
0.000250
-0.000068
0.000000
0.003741
0.000000
0.000000
0.000000
0.000000
0.000000
0.000000
0.000000
0.000000
0.000000
0.000000
0.000000
0.000000
0.000000
0.000000
0.000000
0.000000
0.000000
0.000000
0.000000
0.000000
0.000000
0.000000
0.000000
0.000000
0.000948
0.001360
0.000767
0.000877
0.000000
0.000000
0.004112
0.000000
-0.002905
0.002049
0.000000
0.000652
0.001148
0.001826
0.000329
0.000000
-0.000269
0.000000
0.001342
0.000961
0.000000
-0.000209
0.000000
0.000899
0.000304
0.000739
0.001143
0.000000
0.000000
0.001771
0.000000
0.003458
-0.002644
0.000000
0.001148
0.000906
0.001487
0.000816
0.000000
0.000702
0.000000
0.000152
0.000664
0.000000
-0.001577
0.000000
-0.000022
0.001040
0.000606
0.002141
0.000000
0.000000
-0.005240
0.000000
-0.009071
0.001461
0.000000
0.001826
0.001487
-0.000606
0.000819
0.000000
-0.000583
0.000000
0.001816
0.001663
0.000000
0.001650
0.000000
0.000919
0.001855
0.000292
0.000553
0.000000
0.000000
-0.000408
0.000000
-0.000370
0.003578
0.000000
0.000329
0.000816
0.000819
0.000754
0.000000
0.000908
0.000000
-0.000702
0.000564
0.000000
0.006011
0.000000
0.000000
0.000000
0.000000
0.000000
0.000000
0.000000
0.000000
0.000000
0.000000
0.000000
0.000000
0.000000
0.000000
0.000000
0.000000
0.000000
0.000000
0.000000
0.000000
0.000000
0.000000
0.000000
0.000000
0.000840
0.000762
0.001263
-0.000122
0.000000
0.000000
-0.000848
0.000000
-0.000266
-0.001553
0.000000
-0.000269
0.000702
-0.000583
0.000908
0.000000
0.000650
0.000000
-0.001383
0.001191
0.000000
-0.006694
0.000000
0.000000
0.000000
0.000000
0.000000
0.000000
0.000000
0.000000
0.000000
0.000000
0.000000
0.000000
0.000000
0.000000
0.000000
0.000000
0.000000
0.000000
0.000000
0.000000
0.000000
0.000000
0.000000
0.000000
0.001052
0.000357
0.001758
0.001714
0.000000
0.000000
-0.008473
0.000000
0.002929
0.000250
0.000000
0.001342
0.000152
0.001816
-0.000702
0.000000
-0.001383
0.000000
-0.004050
0.000717
0.000000
-0.002689
0.000000
0.000967
0.000758
0.001365
0.001072
0.000000
0.000000
-0.006540
0.000000
-0.014391
-0.000068
0.000000
0.000961
0.000664
0.001663
0.000564
0.000000
0.001191
0.000000
0.000717
0.000493
0.000000
0.002384
0.000000
0.000000
0.000000
0.000000
0.000000
0.000000
0.000000
0.000000
0.000000
0.000000
0.000000
0.000000
0.000000
0.000000
0.000000
0.000000
0.000000
0.000000
0.000000
0.000000
0.000000
0.000000
0.000000
0.000000
0.000900
-0.000669
0.001123
0.000101
0.000000
0.000000
0.010849
0.000000
-0.001472
0.003741
0.000000
-0.000209
-0.001577
0.001650
0.006011
0.000000
-0.006694
0.000000
-0.002689
0.002384
0.000000
-0.008642
0.000000
0.000000
0.000000
0.000000
0.000000
0.000000
0.000000
0.000000
0.000000
0.000000
0.000000
0.000000
0.000000
0.000000
0.000000
0.000000
0.000000
0.000000
0.000000
0.000000
0.000000
0.000000
0.000000
0.000000
0.003804
0.000055
-0.000041
-0.000111
0.000000
0.000000
0.000000
0.000000
0.000000
0.000066
0.000000
0.000051
0.000187
0.000017
-0.000162
0.000000
-0.000036
0.000000
0.000204
0.000472
0.000000
-0.000037
0.000000
-0.003391
0.000197
-0.000028
0.000242
0.000000
0.000000
-0.000272
0.000000
-0.000306
-0.000013
0.000000
-0.000558
-0.000217
-0.000172
-0.000163
0.000000
-0.000032
0.000000
0.000079
-0.000036
0.000000
0.000201
0.000000
0.000000
