0.000000
0.040026
0.001977
-0.007767
-0.000542
-0.000360
0.027315
-0.006715
-0.028915
0.004619
-0.017251
-0.013690
-0.024280
-0.003095
0.010903
0.018177
0.018942
-0.001364
-0.041883
-0.002515
0.002340
0.016459
-0.044818
0.052428
-0.006075
0.041499
-0.004145
0.003757
-0.003623
0.000726
0.000100
0.003056
-0.000376
-0.009628
-0.000739
-0.003049
-0.011058
-0.012231
0.005172
0.005572
-0.005551
0.004492
-0.009716
0.001519
0.000293
0.000168
-0.000163
-0.003040
-0.002947
0.033551
-0.001468
0.001871
-0.002176
-0.002923
-0.003127
-0.001949
0.003501
-0.002163
0.003145
0.005779
-0.004055
-0.006955
0.001524
-0.004595
0.000881
-0.010371
-0.004228
-0.001474
-0.004354
0.005571
0.010112
-0.003363
0.000559
0.025097
0.005566
0.003519
-0.014339
0.002687
-0.001509
-0.011919
-0.000649
0.004743
-0.015913
0.002652
-0.006430
0.010066
-0.003815
0.005525
-0.001371
-0.003533
0.005097
-0.008556
-0.004225
0.000000
0.000000
0.000000
0.000000
0.000000
0.000000
0.000000
0.000000
0.000000
0.000000
0.000000
0.000000
0.000000
0.000000
0.000000
0.000000
0.000000
0.000000
0.000000
0.000000
0.000000
0.000000
0.000000
0.000000
0.000000
0.000000
0.000000
0.000000
0.000000
0.000000
0.000000
0.000000
0.000000
0.000000
0.000000
0.000000
0.000000
0.000000
0.000000
0.000000
0.000000
0.000000
0.000000
0.000000
0.000000
0.000000
0.000000
0.000000
0.000000
0.000000
0.000000
0.000000
0.000000
0.000000
0.000000
0.000000
0.000000
0.000000
0.000000
0.000000
0.000000
0.000000
0.000000
0.000000
0.000000
0.000000
0.000000
0.000000
0.000000
0.000000
0.000000
0.000000
0.000000
0.000000
0.000000
0.000000
0.000000
0.000000
0.000000
0.000000
0.000000
0.000000
0.000000
0.000000
0.000000
0.000000
0.000000
0.000000
0.000000
0.000000
0.000000
0.000000
0.000000
0.000000
0.000000
0.000000
0.000000
0.000000
0.000000
0.000000
0.000000
0.000000
0.000000
0.000000
0.000000
0.000000
0.000000
0.000000
0.000000
0.000000
0.000000
0.000000
0.000000
0.000000
0.000000
-0.000609
-0.000016
0.000748
-0.002257
-0.000226
-0.000630
0.001376
-0.000166
0.000787
0.001541
-0.000273
0.001974
0.000233
-0.001795
0.002055
0.000454
-0.003483
-0.000014
-0.000967
-0.000042
-0.000413
-0.000032
0.001753
0.000000
0.000000
0.000000
0.000000
0.000000
0.000000
0.000000
0.000000
0.000000
0.000000
0.000000
0.000000
0.000000
0.000000
0.000000
0.000000
0.000000
0.000000
0.000000
0.000000
0.000000
0.000000
0.000000
-0.007185
-0.006204
-0.003070
-0.005541
-0.000044
-0.001859
0.000951
-0.005338
0.004177
-0.009304
-0.004309
0.033271
-0.003968
0.001132
0.011365
0.012969
-0.003892
0.002308
-0.008555
-0.001604
0.001228
-0.018296
0.011770
-0.012320
-0.000869
-0.001861
-0.011613
0.004852
0.012258
-0.003290
-0.010748
0.001414
-0.012092
-0.006503
0.009658
0.051513
-0.005323
0.009134
-0.004941
-0.002987
-0.007915
-0.004671
0.007378
0.004224
-0.018804
0.003497
0.001600
-0.006027
-0.007918
0.009574
0.002065
-0.003270
-0.005391
-0.002026
0.001928
-0.009675
0.004097
0.011091
0.000174
0.019805
-0.005817
-0.003249
0.002442
-0.000572
-0.006788
0.000410
0.003308
-0.005364
-0.000398
-0.003029
-0.000296
-0.010284
-0.012992
0.005615
-0.013425
-0.008149
0.008351
-0.004826
0.000715
-0.001671
0.012560
-0.003435
-0.005256
0.038491
0.009473
-0.004722
-0.002260
-0.013746
-0.001281
0.002136
0.002434
0.005597
0.000000
0.000000
0.000000
0.000000
0.000000
0.000000
0.000000
0.000000
0.000000
0.000000
0.000000
0.000000
0.000000
0.000000
0.000000
0.000000
0.000000
0.000000
0.000000
0.000000
0.000000
0.000000
0.000000
-0.000765
-0.008151
-0.007504
0.001452
0.002357
0.001080
0.001970
-0.002673
-0.002631
-0.006306
-0.000720
-0.002911
0.000914
-0.005641
0.001460
-0.001866
0.044056
0.001902
-0.011981
-0.001579
0.000504
-0.002648
-0.000318
0.000000
0.000000
0.000000
0.000000
0.000000
0.000000
0.000000
0.000000
0.000000
0.000000
0.000000
0.000000
0.000000
0.000000
0.000000
0.000000
0.000000
0.000000
0.000000
0.000000
0.000000
0.000000
0.000000
-0.000496
-0.000415
-0.013417
0.002186
0.001569
-0.000821
-0.002023
0.005097
0.002118
0.006167
-0.003760
-0.008625
-0.000944
-0.001568
-0.006994
0.001248
-0.012351
-0.004034
0.030563
0.002028
0.000938
0.002012
0.001523
-0.009689
0.000945
-0.006873
0.001027
-0.003158
0.004402
-0.000916
0.008122
0.010224
-0.017348
-0.005180
0.003290
0.007231
-0.008875
0.003894
0.007599
-0.005850
-0.012324
-0.006746
0.024494
0.003033
-0.002441
0.005142
0.000000
0.000000
0.000000
0.000000
0.000000
0.000000
0.000000
0.000000
0.000000
0.000000
0.000000
0.000000
0.000000
0.000000
0.000000
0.000000
0.000000
0.000000
0.000000
0.000000
0.000000
0.000000
0.000000
-0.010310
-0.000784
-0.008154
-0.007833
0.001653
-0.001720
-0.006765
0.006369
0.002499
-0.001367
-0.001921
-0.000016
0.004406
0.004049
0.009628
-0.002637
0.004632
-0.005563
-0.000621
0.006128
-0.001241
0.008831
0.000739
0.000000
0.000000
0.000000
0.000000
0.000000
0.000000
0.000000
0.000000
0.000000
0.000000
0.000000
0.000000
0.000000
0.000000
0.000000
0.000000
0.000000
0.000000
0.000000
0.000000
0.000000
0.000000
0.000000
0.050902
-0.013153
0.003394
0.000906
-0.001196
-0.016188
0.012057
0.020254
-0.005531
0.006428
0.011473
-0.001127
-0.006019
-0.014489
-0.011195
-0.022707
-0.006551
0.037182
-0.000976
-0.007479
-0.022116
0.026573
-0.040339
-0.007283
0.045160
0.004577
0.000813
-0.002538
-0.001772
0.004746
-0.000495
0.000371
0.001763
-0.004701
-0.006981
-0.007288
-0.008892
-0.006646
-0.002187
0.001666
0.001288
0.003507
-0.003739
-0.001719
-0.003218
-0.006449
-0.003649
-0.006644
0.053326
-0.002910
0.000640
0.003419
-0.000614
-0.003133
-0.000786
0.007744
-0.004214
-0.011046
-0.004625
-0.000639
-0.009357
0.000462
-0.004198
0.002754
-0.001510
-0.005835
-0.003917
0.000190
-0.005468
-0.006518
-0.005306
-0.004085
0.036632
-0.002967
0.003148
-0.003313
0.001404
-0.009149
0.004268
0.011632
-0.012209
-0.007552
-0.003636
-0.018711
0.006951
-0.000411
0.010163
-0.001416
-0.005111
0.007398
-0.000196
-0.001019
0.000000
0.000000
0.000000
0.000000
0.000000
0.000000
0.000000
0.000000
0.000000
0.000000
0.000000
0.000000
0.000000
0.000000
0.000000
0.000000
0.000000
0.000000
0.000000
0.000000
0.000000
0.000000
0.000000
0.000000
0.000000
0.000000
0.000000
0.000000
0.000000
0.000000
0.000000
0.000000
0.000000
0.000000
0.000000
0.000000
0.000000
0.000000
0.000000
0.000000
0.000000
0.000000
0.000000
0.000000
0.000000
0.000000
0.001543
0.007545
-0.007276
0.001049
0.001082
-0.002600
0.017844
-0.004279
-0.004436
0.004185
0.002182
0.002180
-0.010111
0.002424
-0.000937
0.000973
-0.004356
0.002304
0.000637
-0.007368
0.001429
-0.004473
0.000462
0.000000
0.000000
0.000000
0.000000
0.000000
0.000000
0.000000
0.000000
0.000000
0.000000
0.000000
0.000000
0.000000
0.000000
0.000000
0.000000
0.000000
0.000000
0.000000
0.000000
0.000000
0.000000
0.000000
0.000126
-0.001402
-0.000473
-0.000378
0.000607
-0.000004
-0.000208
0.000201
0.000861
-0.000012
-0.000075
0.000429
0.000228
-0.000240
0.000208
-0.000220
-0.000284
-0.000192
0.000286
0.000142
0.000068
0.000154
0.000180
-0.003704
0.003612
0.008378
-0.012889
0.001143
-0.005348
0.013182
-0.002125
0.000486
0.013255
-0.002557
-0.000173
0.002184
-0.004678
-0.004699
-0.003482
-0.008287
-0.004945
0.004755
-0.002969
-0.002382
0.004935
0.006307
0.000000
0.000000
0.000000
0.000000
0.000000
0.000000
0.000000
0.000000
0.000000
0.000000
0.000000
0.000000
0.000000
0.000000
0.000000
0.000000
0.000000
0.000000
0.000000
0.000000
0.000000
0.000000
0.000000
-0.004200
-0.010020
-0.001601
0.002878
-0.001235
0.000815
0.003922
-0.004367
0.002965
0.013598
0.005140
0.027808
-0.006729
-0.000903
-0.001863
-0.005655
-0.005945
0.003994
-0.006954
-0.007911
-0.002416
0.003167
-0.004497
-0.002643
-0.008633
-0.001870
-0.005950
0.001077
-0.001293
-0.006148
-0.002640
-0.003199
0.014839
0.006156
-0.009824
0.042547
-0.003762
-0.012495
-0.013113
-0.003831
0.015098
-0.004408
-0.003022
-0.000483
0.011992
-0.008399
-0.009696
-0.006664
-0.000444
0.000184
-0.000645
0.000054
0.005151
-0.002816
0.001659
-0.007743
0.005484
0.002342
-0.005122
0.041609
-0.010185
-0.005544
0.000090
-0.002186
0.000777
-0.003889
-0.003709
0.006279
-0.004987
-0.007797
-0.008816
-0.004510
-0.004476
-0.004747
-0.000945
0.004746
0.008000
-0.006523
0.008800
-0.003946
-0.004291
-0.011519
-0.005357
0.027879
0.006058
-0.001146
-0.000312
0.005546
-0.000123
-0.000133
0.004197
-0.000589
0.000000
0.000000
0.000000
0.000000
0.000000
0.000000
0.000000
0.000000
0.000000
0.000000
0.000000
0.000000
0.000000
0.000000
0.000000
0.000000
0.000000
0.000000
0.000000
0.000000
0.000000
0.000000
0.000000
0.001777
-0.000551
-0.003043
-0.003509
-0.001293
-0.003345
-0.003147
-0.002332
-0.004661
-0.000272
0.002152
-0.002945
-0.002868
-0.001485
-0.004466
-0.002998
0.041300
0.001383
-0.003545
-0.003612
-0.002634
0.003006
-0.002914
0.000000
0.000000
0.000000
0.000000
0.000000
0.000000
0.000000
0.000000
0.000000
0.000000
0.000000
0.000000
0.000000
0.000000
0.000000
0.000000
0.000000
0.000000
0.000000
0.000000
0.000000
0.000000
0.000000
0.002813
-0.006313
-0.001937
-0.000990
-0.002596
-0.003785
0.003151
0.001684
-0.001278
0.008776
0.000778
-0.015890
-0.005918
-0.001505
-0.010046
0.000661
-0.003269
-0.002627
0.044095
-0.006418
-0.000171
0.003057
-0.002275
-0.000386
-0.006130
-0.002112
-0.003517
-0.003102
0.006820
-0.006082
0.005083
0.002697
0.009834
0.006934
-0.008204
-0.004234
-0.005239
-0.007137
-0.008765
-0.003332
0.004978
-0.004285
0.020297
0.001661
0.019945
-0.015723
0.000000
0.000000
0.000000
0.000000
0.000000
0.000000
0.000000
0.000000
0.000000
0.000000
0.000000
0.000000
0.000000
0.000000
0.000000
0.000000
0.000000
0.000000
0.000000
0.000000
0.000000
0.000000
0.000000
-0.009475
0.002007
-0.006202
-0.008710
-0.002331
-0.004372
0.000818
0.004895
0.010049
-0.002502
0.001051
-0.000929
-0.004820
0.012999
-0.003536
-0.005593
-0.003972
-0.009445
0.010969
0.005009
-0.004956
0.016255
0.002792
0.000000
0.000000
0.000000
0.000000
0.000000
0.000000
0.000000
0.000000
0.000000
0.000000
0.000000
0.000000
0.000000
0.000000
0.000000
0.000000
0.000000
0.000000
0.000000
0.000000
0.000000
0.000000
0.000000
0.000349
0.000558
0.000504
0.000131
0.000000
0.000000
0.000000
0.000000
0.000000
-0.000158
0.000000
0.000399
0.000299
0.000221
0.000285
0.000000
0.000043
0.000000
0.000768
0.000300
0.000000
-0.000936
0.000000
0.000558
0.000051
-0.001207
-0.001221
0.000000
0.000000
0.000000
0.000000
0.000000
-0.000408
0.000000
0.000395
0.000106
0.000611
0.000639
0.000000
0.001057
0.000000
-0.001141
0.000721
0.000000
-0.000972
0.000000
0.000504
-0.001207
-0.004254
0.004231
0.000000
0.000000
0.000000
0.000000
0.000000
-0.001347
0.000000
0.000960
0.000809
-0.000930
-0.000111
0.000000
0.002200
0.000000
0.000314
-0.000721
0.000000
-0.001231
0.000000
0.000131
-0.001221
0.004231
-0.007755
0.000000
0.000000
0.000000
0.000000
0.000000
-0.000571
0.000000
0.000242
-0.000799
0.001339
-0.000353
0.000000
-0.001338
0.000000
0.000565
0.002167
0.000000
0.000793
0.000000
0.000000
0.000000
0.000000
0.000000
0.000000
0.000000
0.000000
0.000000
0.000000
0.000000
0.000000
0.000000
0.000000
0.000000
0.000000
0.000000
0.000000
0.000000
0.000000
0.000000
0.000000
0.000000
0.000000
0.000000
0.000000
0.000000
0.000000
0.000000
0.000000
0.000000
0.000000
0.000000
0.000000
0.000000
0.000000
0.000000
0.000000
0.000000
0.000000
0.000000
0.000000
0.000000
0.000000
0.000000
0.000000
0.000000
0.000000
0.000000
0.000000
0.000000
0.000000
0.000000
0.000000
0.000000
0.000000
0.000000
0.000000
0.000000
0.000000
0.000000
0.000000
0.000000
0.000000
0.000000
0.000000
0.000000
0.000000
0.000000
0.000000
0.000000
0.000000
0.000000
0.000000
0.000000
0.000000
0.000000
0.000000
0.000000
0.000000
0.000000
0.000000
0.000000
0.000000
0.000000
0.000000
0.000000
0.000000
0.000000
0.000000
0.000000
0.000000
0.000000
0.000000
0.000000
0.000000
0.000000
0.000000
0.000000
0.000000
0.000000
0.000000
0.000000
0.000000
0.000000
0.000000
0.000000
0.000000
0.000000
0.000000
0.000000
0.000000
0.000000
0.000000
0.000000
0.000000
-0.000158
-0.000408
-0.001347
-0.000571
0.000000
0.000000
0.000000
0.000000
0.000000
-0.000560
0.000000
0.000531
0.000269
-0.000400
-0.000054
0.000000
0.000115
0.000000
-0.000623
0.000341
0.000000
-0.000405
0.000000
0.000000
0.000000
0.000000
0.000000
0.000000
0.000000
0.000000
0.000000
0.000000
0.000000
0.000000
0.000000
0.000000
0.000000
0.000000
0.000000
0.000000
0.000000
0.000000
0.000000
0.000000
0.000000
0.000000
0.000399
0.000395
0.000960
0.000242
0.000000
0.000000
0.000000
0.000000
0.000000
0.000531
0.000000
0.000002
0.000284
0.000556
0.000351
0.000000
-0.000374
0.000000
-0.000522
0.000561
0.000000
0.000385
0.000000
0.000299
0.000106
0.000809
-0.000799
0.000000
0.000000
0.000000
0.000000
0.000000
0.000269
0.000000
0.000284
0.000337
0.000604
0.000574
0.000000
0.000925
0.000000
0.000781
0.000525
0.000000
0.001652
0.000000
0.000221
0.000611
-0.000930
0.001339
0.000000
0.000000
0.000000
0.000000
0.000000
-0.000400
0.000000
0.000556
0.000604
-0.000081
0.000267
0.000000
0.000095
0.000000
-0.000943
0.000968
0.000000
-0.000863
0.000000
0.000285
0.000639
-0.000111
-0.000353
0.000000
0.000000
0.000000
0.000000
0.000000
-0.000054
0.000000
0.000351
0.000574
0.000267
0.000108
0.000000
0.000039
0.000000
-0.001835
0.001258
0.000000
0.002856
0.000000
0.000000
0.000000
0.000000
0.000000
0.000000
0.000000
0.000000
0.000000
0.000000
0.000000
0.000000
0.000000
0.000000
0.000000
0.000000
0.000000
0.000000
0.000000
0.000000
0.000000
0.000000
0.000000
0.000000
0.000043
0.001057
0.002200
-0.001338
0.000000
0.000000
0.000000
0.000000
0.000000
0.000115
0.000000
-0.000374
0.000925
0.000095
0.000039
0.000000
-0.002884
0.000000
0.002306
0.000719
0.000000
-0.001307
0.000000
0.000000
0.000000
0.000000
0.000000
0.000000
0.000000
0.000000
0.000000
0.000000
0.000000
0.000000
0.000000
0.000000
0.000000
0.000000
0.000000
0.000000
0.000000
0.000000
0.000000
0.000000
0.000000
0.000000
0.000768
-0.001141
0.000314
0.000565
0.000000
0.000000
0.000000
0.000000
0.000000
-0.000623
0.000000
-0.000522
0.000781
-0.000943
-0.001835
0.000000
0.002306
0.000000
-0.009894
0.001235
0.000000
0.000068
0.000000
0.000300
0.000721
-0.000721
0.002167
0.000000
0.000000
0.000000
0.000000
0.000000
0.000341
0.000000
0.000561
0.000525
0.000968
0.001258
0.000000
0.000719
0.000000
0.001235
0.000091
0.000000
-0.002228
0.000000
0.000000
0.000000
0.000000
0.000000
0.000000
0.000000
0.000000
0.000000
0.000000
0.000000
0.000000
0.000000
0.000000
0.000000
0.000000
0.000000
0.000000
0.000000
0.000000
0.000000
0.000000
0.000000
0.000000
-0.000936
-0.000972
-0.001231
0.000793
0.000000
0.000000
0.000000
0.000000
0.000000
-0.000405
0.000000
0.000385
0.001652
-0.000863
0.002856
0.000000
-0.001307
0.000000
0.000068
-0.002228
0.000000
-0.006490
0.000000
0.000000
0.000000
0.000000
0.000000
0.000000
0.000000
0.000000
0.000000
0.000000
0.000000
0.000000
0.000000
0.000000
0.000000
0.000000
0.000000
0.000000
0.000000
0.000000
0.000000
0.000000
0.000000
0.000000
0.000370
0.000399
0.000363
0.000406
0.000000
0.000000
-0.000530
0.000000
0.000109
0.000479
0.000000
0.000410
0.000397
-0.000032
0.000368
0.000000
0.000305
0.000000
0.000491
0.000375
0.000000
0.000407
0.000000
0.000399
0.000306
0.000328
0.000526
0.000000
0.000000
-0.000251
0.000000
-0.000355
-0.000242
0.000000
0.000519
0.000185
0.000123
0.000710
0.000000
-0.000076
0.000000
0.000149
0.000367
0.000000
-0.001709
0.000000
0.000363
0.000328
0.000205
0.000288
0.000000
0.000000
-0.000494
0.000000
-0.000330
0.000364
0.000000
0.000492
0.000260
-0.000119
0.000044
0.000000
0.000436
0.000000
0.000620
0.000436
0.000000
0.000450
0.000000
0.000406
0.000526
0.000288
-0.000012
0.000000
0.000000
-0.000659
0.000000
-0.000635
0.001922
0.000000
0.000319
0.000353
0.001438
0.000397
0.000000
-0.000169
0.000000
0.000749
0.000503
0.000000
-0.000579
0.000000
0.000000
0.000000
0.000000
0.000000
0.000000
0.000000
0.000000
0.000000
0.000000
0.000000
0.000000
0.000000
0.000000
0.000000
0.000000
0.000000
0.000000
0.000000
0.000000
0.000000
0.000000
0.000000
0.000000
0.000000
0.000000
0.000000
0.000000
0.000000
0.000000
0.000000
0.000000
0.000000
0.000000
0.000000
0.000000
0.000000
0.000000
0.000000
0.000000
0.000000
0.000000
0.000000
0.000000
0.000000
0.000000
0.000000
-0.000530
-0.000251
-0.000494
-0.000659
0.000000
0.000000
-0.019439
0.000000
-0.000026
-0.000397
0.000000
0.002008
0.001653
-0.004221
0.003662
0.000000
0.002285
0.000000
-0.003373
-0.000516
0.000000
0.001539
0.000000
0.000000
0.000000
0.000000
0.000000
0.000000
0.000000
0.000000
0.000000
0.000000
0.000000
0.000000
0.000000
0.000000
0.000000
0.000000
0.000000
0.000000
0.000000
0.000000
0.000000
0.000000
0.000000
0.000000
0.000109
-0.000355
-0.000330
-0.000635
0.000000
0.000000
-0.000026
0.000000
-0.001337
-0.000023
0.000000
-0.000182
0.000216
-0.000567
-0.000023
0.000000
-0.000017
0.000000
0.000183
-0.000899
0.000000
-0.000092
0.000000
0.000479
-0.000242
0.000364
0.001922
0.000000
0.000000
-0.000397
0.000000
-0.000023
-0.014137
0.000000
0.000631
-0.001133
0.000543
0.002591
0.000000
0.000915
0.000000
0.003408
-0.000779
0.000000
0.003428
0.000000
0.000000
0.000000
0.000000
0.000000
0.000000
0.000000
0.000000
0.000000
0.000000
0.000000
0.000000
0.000000
0.000000
0.000000
0.000000
0.000000
0.000000
0.000000
0.000000
0.000000
0.000000
0.000000
0.000000
0.000410
0.000519
0.000492
0.000319
0.000000
0.000000
0.002008
0.000000
-0.000182
0.000631
0.000000
0.000270
0.000486
0.000881
-0.000015
0.000000
0.000180
0.000000
0.000485
0.000406
0.000000
0.000443
0.000000
0.000397
0.000185
0.000260
0.000353
0.000000
0.000000
0.001653
0.000000
0.000216
-0.001133
0.000000
0.000486
0.000306
0.000374
0.000484
0.000000
0.000438
0.000000
0.000063
0.000365
0.000000
-0.000658
0.000000
-0.000032
0.000123
-0.000119
0.001438
0.000000
0.000000
-0.004221
0.000000
-0.000567
0.000543
0.000000
0.000881
0.000374
-0.000540
0.000182
0.000000
-0.000605
0.000000
0.000685
0.000584
0.000000
0.000145
0.000000
0.000368
0.000710
0.000044
0.000397
0.000000
0.000000
0.003662
0.000000
-0.000023
0.002591
0.000000
-0.000015
0.000484
0.000182
-0.000825
0.000000
-0.000021
0.000000
-0.000886
0.000308
0.000000
0.002730
0.000000
0.000000
0.000000
0.000000
0.000000
0.000000
0.000000
0.000000
0.000000
0.000000
0.000000
0.000000
0.000000
0.000000
0.000000
0.000000
0.000000
0.000000
0.000000
0.000000
0.000000
0.000000
0.000000
0.000000
0.000305
-0.000076
0.000436
-0.000169
0.000000
0.000000
0.002285
0.000000
-0.000017
0.000915
0.000000
0.000180
0.000438
-0.000605
-0.000021
0.000000
-0.001172
0.000000
-0.001287
-0.000096
0.000000
-0.001268
0.000000
0.000000
0.000000
0.000000
0.000000
0.000000
0.000000
0.000000
0.000000
0.000000
0.000000
0.000000
0.000000
0.000000
0.000000
0.000000
0.000000
0.000000
0.000000
0.000000
0.000000
0.000000
0.000000
0.000000
0.000491
0.000149
0.000620
0.000749
0.000000
0.000000
-0.003373
0.000000
0.000183
0.003408
0.000000
0.000485
0.000063
0.000685
-0.000886
0.000000
-0.001287
0.000000
-0.001945
0.000405
0.000000
-0.003015
0.000000
0.000375
0.000367
0.000436
0.000503
0.000000
0.000000
-0.000516
0.000000
-0.000899
-0.000779
0.000000
0.000406
0.000365
0.000584
0.000308
0.000000
-0.000096
0.000000
0.000405
0.000186
0.000000
0.001371
0.000000
0.000000
0.000000
0.000000
0.000000
0.000000
0.000000
0.000000
0.000000
0.000000
0.000000
0.000000
0.000000
0.000000
0.000000
0.000000
0.000000
0.000000
0.000000
0.000000
0.000000
0.000000
0.000000
0.000000
0.000407
-0.001709
0.000450
-0.000579
0.000000
0.000000
0.001539
0.000000
-0.000092
0.003428
0.000000
0.000443
-0.000658
0.000145
0.002730
0.000000
-0.001268
0.000000
-0.003015
0.001371
0.000000
-0.011670
0.000000
0.000000
0.000000
0.000000
0.000000
0.000000
0.000000
0.000000
0.000000
0.000000
0.000000
0.000000
0.000000
0.000000
0.000000
0.000000
0.000000
0.000000
0.000000
0.000000
0.000000
0.000000
0.000000
0.000000
0.002515
0.000130
0.000016
-0.000128
0.000000
0.000000
0.000000
0.000000
0.000000
0.000004
0.000000
0.000149
0.000027
-0.000016
-0.000147
0.000000
-0.000048
0.000000
0.000005
0.000229
0.000000
-0.000073
0.000000
-0.002504
0.000068
0.000031
0.000105
0.000000
0.000000
-0.000013
0.000000
-0.000019
-0.000031
0.000000
-0.000134
-0.000279
-0.000019
0.000048
0.000000
0.000023
0.000000
0.000085
-0.000118
0.000000
0.000098
0.000000
0.000000
