0.000000
0.070427
0.000770
-0.006880
-0.003219
-0.003279
0.019653
-0.003520
-0.038165
0.002284
-0.031887
-0.020633
-0.034767
-0.004221
0.009969
0.020965
0.025750
0.001243
-0.050867
-0.002965
0.004767
0.026661
-0.053040
0.070941
-0.012374
0.081435
0.003687
0.001084
-0.002354
0.000473
0.000831
0.004010
0.003472
-0.015505
-0.004601
-0.006295
-0.021497
-0.021765
0.008140
0.006230
-0.012602
0.006809
-0.014961
0.001867
-0.001334
-0.003239
-0.001512
-0.001673
-0.002261
0.059891
-0.004525
0.003496
-0.005499
-0.002954
-0.007805
-0.005291
0.000813
-0.004463
0.004639
0.012660
-0.006562
-0.013497
0.000619
-0.003294
0.000258
-0.015383
-0.008203
-0.003397
-0.005928
0.008360
0.007415
-0.003975
0.002775
0.035130
0.004708
0.004058
-0.019502
0.002857
-0.002074
-0.020230
0.000702
0.004420
-0.026324
0.011320
-0.007161
0.014197
-0.002420
0.011679
0.000650
-0.005981
0.005525
-0.011920
-0.005850
0.000000
0.000000
0.000000
0.000000
0.000000
0.000000
0.000000
0.000000
0.000000
0.000000
0.000000
0.000000
0.000000
0.000000
0.000000
0.000000
0.000000
0.000000
0.000000
0.000000
0.000000
0.000000
0.000000
0.000000
0.000000
0.000000
0.000000
0.000000
0.000000
0.000000
0.000000
0.000000
0.000000
0.000000
0.000000
0.000000
0.000000
0.000000
0.000000
0.000000
0.000000
0.000000
0.000000
0.000000
0.000000
0.000000
0.000000
0.000000
0.000000
0.000000
0.000000
0.000000
0.000000
0.000000
0.000000
0.000000
0.000000
0.000000
0.000000
0.000000
0.000000
0.000000
0.000000
0.000000
0.000000
0.000000
0.000000
0.000000
0.000000
0.000000
0.000000
0.000000
0.000000
0.000000
0.000000
0.000000
0.000000
0.000000
0.000000
0.000000
0.000000
0.000000
0.000000
0.000000
0.000000
0.000000
0.000000
0.000000
0.000000
0.000000
0.000000
0.000000
0.000000
0.000000
0.000000
0.000000
0.000000
0.000000
0.000000
0.000000
0.000000
0.000000
0.000000
0.000000
0.000000
0.000000
0.000000
0.000000
0.000000
0.000000
0.000000
0.000000
0.000000
0.000000
0.000000
-0.002436
-0.000065
0.002993
-0.009027
-0.000905
-0.002519
0.005504
-0.000662
0.003148
0.006163
-0.001092
0.007897
0.000933
-0.007180
0.008219
0.001817
-0.013932
-0.000057
-0.003867
-0.000168
-0.001652
-0.000126
0.007012
0.000000
0.000000
0.000000
0.000000
0.000000
0.000000
0.000000
0.000000
0.000000
0.000000
0.000000
0.000000
0.000000
0.000000
0.000000
0.000000
0.000000
0.000000
0.000000
0.000000
0.000000
0.000000
0.000000
-0.012297
-0.008108
-0.001939
-0.009520
-0.001208
-0.013237
0.004535
-0.009686
-0.000458
-0.018019
-0.006829
0.057258
-0.003794
0.000824
0.014768
0.021502
-0.003239
0.001848
-0.016904
-0.002643
0.003174
-0.022079
0.026050
-0.010448
-0.003694
0.001339
-0.017598
0.006785
0.002802
-0.005442
-0.018235
-0.002312
-0.016615
-0.005331
0.001954
0.083435
-0.007152
0.008207
0.000036
-0.001508
-0.010905
-0.003678
0.003474
0.006092
-0.022466
0.011251
-0.003763
-0.016440
-0.010619
0.011051
0.006300
-0.002919
-0.006875
-0.005389
-0.003632
-0.015475
0.011380
0.008719
0.002558
0.054964
-0.018921
-0.007333
0.002903
-0.001462
-0.001821
-0.004022
0.004697
-0.001120
-0.002782
0.001247
-0.000679
-0.009455
-0.019155
0.005728
-0.024253
-0.010838
0.011196
-0.018456
-0.003241
-0.004613
0.018028
-0.005727
-0.007539
0.065048
0.016848
-0.003872
-0.006759
-0.013961
-0.004621
0.004158
0.003144
0.007771
0.000000
0.000000
0.000000
0.000000
0.000000
0.000000
0.000000
0.000000
0.000000
0.000000
0.000000
0.000000
0.000000
0.000000
0.000000
0.000000
0.000000
0.000000
0.000000
0.000000
0.000000
0.000000
0.000000
0.000956
-0.013146
-0.009595
0.000444
0.003097
0.001400
0.003958
-0.004215
-0.004779
-0.012937
-0.002523
-0.007834
0.002344
-0.009059
-0.002201
-0.005288
0.079317
0.002150
-0.010050
-0.001287
0.000389
-0.006323
-0.004815
0.000000
0.000000
0.000000
0.000000
0.000000
0.000000
0.000000
0.000000
0.000000
0.000000
0.000000
0.000000
0.000000
0.000000
0.000000
0.000000
0.000000
0.000000
0.000000
0.000000
0.000000
0.000000
0.000000
0.002940
-0.003012
-0.017318
0.002911
-0.000134
-0.005712
0.001439
0.007503
-0.002721
0.010138
-0.006804
-0.016038
-0.003035
-0.006334
-0.013907
0.003689
-0.012553
-0.008799
0.056501
0.000314
0.000697
0.006536
0.003697
-0.006529
-0.002638
-0.004645
-0.000204
-0.006360
0.004253
-0.001184
0.010634
0.011804
-0.021251
-0.005322
-0.006460
0.003856
-0.010800
0.007554
0.009122
-0.004877
-0.018090
-0.006606
0.039580
0.003593
-0.002117
0.006694
0.000000
0.000000
0.000000
0.000000
0.000000
0.000000
0.000000
0.000000
0.000000
0.000000
0.000000
0.000000
0.000000
0.000000
0.000000
0.000000
0.000000
0.000000
0.000000
0.000000
0.000000
0.000000
0.000000
-0.012191
-0.003115
-0.010000
-0.008391
0.001102
-0.002766
-0.007530
0.007205
0.001573
-0.003114
-0.000650
-0.000191
0.002289
0.009653
0.010307
-0.002635
0.006604
-0.007846
-0.001247
0.006902
-0.001392
0.014023
0.001411
0.000000
0.000000
0.000000
0.000000
0.000000
0.000000
0.000000
0.000000
0.000000
0.000000
0.000000
0.000000
0.000000
0.000000
0.000000
0.000000
0.000000
0.000000
0.000000
0.000000
0.000000
0.000000
0.000000
0.085744
-0.020212
-0.000857
0.000233
-0.002359
-0.006730
0.012074
0.031211
-0.003090
0.012244
0.018237
-0.004374
-0.010217
-0.021629
-0.014401
-0.029960
-0.012161
0.047140
-0.008593
-0.017119
-0.032471
0.032276
-0.054918
-0.016086
0.079173
0.000915
0.007353
-0.003766
0.002340
0.008140
-0.000531
0.005264
0.005111
-0.006278
-0.013964
-0.007954
-0.015698
-0.011323
-0.004117
-0.005597
0.001816
0.000875
-0.002201
-0.003157
-0.006188
-0.014151
-0.009741
-0.011260
0.086515
-0.004102
0.002302
0.012094
-0.003890
-0.005603
0.001530
0.012108
-0.003628
-0.014493
-0.008910
-0.006376
-0.016631
0.000005
-0.010272
0.007377
-0.007049
-0.005911
-0.006477
0.002122
-0.009729
-0.012822
-0.008553
-0.010705
0.067707
-0.003582
0.008944
-0.008588
-0.000061
-0.008601
0.006416
0.017076
-0.017140
-0.011617
-0.008450
-0.027838
0.011528
-0.004911
0.016044
-0.005997
-0.004860
0.012892
-0.003682
-0.003199
0.000000
0.000000
0.000000
0.000000
0.000000
0.000000
0.000000
0.000000
0.000000
0.000000
0.000000
0.000000
0.000000
0.000000
0.000000
0.000000
0.000000
0.000000
0.000000
0.000000
0.000000
0.000000
0.000000
0.000000
0.000000
0.000000
0.000000
0.000000
0.000000
0.000000
0.000000
0.000000
0.000000
0.000000
0.000000
0.000000
0.000000
0.000000
0.000000
0.000000
0.000000
0.000000
0.000000
0.000000
0.000000
0.000000
0.001268
0.015015
-0.015810
0.000211
0.006927
-0.006772
0.036946
-0.006531
-0.009594
0.012286
0.002144
0.003957
-0.021286
0.003394
-0.002503
0.000944
-0.007225
0.002163
0.004032
-0.015815
0.002986
-0.007946
0.001211
0.000000
0.000000
0.000000
0.000000
0.000000
0.000000
0.000000
0.000000
0.000000
0.000000
0.000000
0.000000
0.000000
0.000000
0.000000
0.000000
0.000000
0.000000
0.000000
0.000000
0.000000
0.000000
0.000000
0.000503
-0.005608
-0.001893
-0.001512
0.002426
-0.000017
-0.000832
0.000805
0.003443
-0.000048
-0.000300
0.001716
0.000912
-0.000962
0.000831
-0.000879
-0.001137
-0.000768
0.001143
0.000568
0.000271
0.000618
0.000720
-0.008258
0.004787
0.006016
-0.017889
-0.000424
-0.007776
0.014646
-0.002330
0.001703
0.021582
-0.004191
0.004617
0.005638
-0.001888
-0.000894
-0.003939
-0.013669
-0.007499
0.006305
-0.004727
-0.003866
0.002866
0.009189
0.000000
0.000000
0.000000
0.000000
0.000000
0.000000
0.000000
0.000000
0.000000
0.000000
0.000000
0.000000
0.000000
0.000000
0.000000
0.000000
0.000000
0.000000
0.000000
0.000000
0.000000
0.000000
0.000000
-0.010245
-0.016726
-0.006405
0.006130
-0.001529
0.008349
0.002410
-0.005641
0.009697
0.023066
0.010817
0.058571
-0.011038
-0.005866
-0.001352
-0.013598
-0.012226
0.005857
-0.013965
-0.011857
-0.003683
0.003090
-0.013867
-0.005904
-0.012749
-0.008473
-0.004463
0.000340
0.004877
-0.010347
0.000073
-0.000477
0.021760
0.004522
-0.012115
0.077808
-0.006788
-0.018632
-0.022469
-0.010503
0.017327
-0.013292
-0.002891
0.001332
0.010560
-0.009493
-0.015973
-0.014481
-0.001840
0.000827
-0.001245
0.003752
0.004685
-0.003785
0.006811
-0.008569
0.006090
-0.002071
-0.011430
0.069711
-0.006549
-0.009974
-0.001544
0.005423
-0.001814
-0.007266
-0.006598
0.006818
-0.010974
-0.010514
-0.012641
-0.013844
-0.008370
-0.004081
-0.000506
0.000159
0.011366
-0.006210
0.017318
-0.009401
0.002715
-0.015981
-0.007651
0.050230
0.007793
-0.004661
-0.001635
0.002930
0.001415
-0.000043
0.003101
-0.001490
0.000000
0.000000
0.000000
0.000000
0.000000
0.000000
0.000000
0.000000
0.000000
0.000000
0.000000
0.000000
0.000000
0.000000
0.000000
0.000000
0.000000
0.000000
0.000000
0.000000
0.000000
0.000000
0.000000
0.003857
-0.003272
-0.004652
-0.005880
-0.000549
-0.006221
-0.003662
-0.001882
-0.004821
-0.005167
0.000890
-0.006890
-0.006249
-0.007127
-0.003804
-0.002916
0.074299
0.001432
-0.012082
-0.005123
-0.004645
0.003792
0.000672
0.000000
0.000000
0.000000
0.000000
0.000000
0.000000
0.000000
0.000000
0.000000
0.000000
0.000000
0.000000
0.000000
0.000000
0.000000
0.000000
0.000000
0.000000
0.000000
0.000000
0.000000
0.000000
0.000000
-0.003275
-0.011952
-0.007015
-0.003010
-0.003530
0.000615
0.000961
0.002853
0.000836
0.011907
0.001120
-0.019381
-0.011707
-0.007122
-0.016738
0.003438
-0.006989
-0.000427
0.078961
-0.006398
0.001599
0.003055
-0.007804
-0.003207
-0.009421
-0.008507
-0.004570
-0.005066
0.017647
-0.011409
0.013566
0.008805
0.013867
0.010335
-0.009184
-0.008032
-0.011179
-0.013549
-0.012141
-0.008708
0.004312
-0.012653
0.044064
0.001067
0.024383
-0.020414
0.000000
0.000000
0.000000
0.000000
0.000000
0.000000
0.000000
0.000000
0.000000
0.000000
0.000000
0.000000
0.000000
0.000000
0.000000
0.000000
0.000000
0.000000
0.000000
0.000000
0.000000
0.000000
0.000000
-0.016591
0.002862
-0.013692
-0.011661
-0.002822
-0.006328
0.000273
0.007254
0.012150
-0.002725
0.003355
-0.003304
-0.003420
0.017298
-0.004379
-0.008275
-0.006473
-0.016541
0.015486
0.008139
-0.006408
0.029787
0.006014
0.000000
0.000000
0.000000
0.000000
0.000000
0.000000
0.000000
0.000000
0.000000
0.000000
0.000000
0.000000
0.000000
0.000000
0.000000
0.000000
0.000000
0.000000
0.000000
0.000000
0.000000
0.000000
0.000000
0.000625
0.001033
0.000869
0.000351
0.000000
0.000000
0.000000
0.000000
0.000000
-0.000633
0.000000
0.000697
0.000619
0.000679
0.000525
0.000000
0.000295
0.000000
0.001149
0.000614
0.000000
-0.002859
0.000000
0.001033
-0.003287
-0.001092
-0.001757
0.000000
0.000000
0.000000
0.000000
0.000000
-0.001633
0.000000
0.000068
0.000946
0.002151
0.001262
0.000000
-0.001045
0.000000
-0.000761
0.001197
0.000000
-0.001318
0.000000
0.000869
-0.001092
-0.005200
0.003992
0.000000
0.000000
0.000000
0.000000
0.000000
-0.005387
0.000000
0.001725
0.001394
-0.001189
0.000077
0.000000
0.004759
0.000000
0.000441
-0.000588
0.000000
-0.003224
0.000000
0.000351
-0.001757
0.003992
-0.008153
0.000000
0.000000
0.000000
0.000000
0.000000
-0.002285
0.000000
0.000637
-0.000711
0.002478
0.000606
0.000000
-0.001499
0.000000
0.000856
0.002817
0.000000
0.002883
0.000000
0.000000
0.000000
0.000000
0.000000
0.000000
0.000000
0.000000
0.000000
0.000000
0.000000
0.000000
0.000000
0.000000
0.000000
0.000000
0.000000
0.000000
0.000000
0.000000
0.000000
0.000000
0.000000
0.000000
0.000000
0.000000
0.000000
0.000000
0.000000
0.000000
0.000000
0.000000
0.000000
0.000000
0.000000
0.000000
0.000000
0.000000
0.000000
0.000000
0.000000
0.000000
0.000000
0.000000
0.000000
0.000000
0.000000
0.000000
0.000000
0.000000
0.000000
0.000000
0.000000
0.000000
0.000000
0.000000
0.000000
0.000000
0.000000
0.000000
0.000000
0.000000
0.000000
0.000000
0.000000
0.000000
0.000000
0.000000
0.000000
0.000000
0.000000
0.000000
0.000000
0.000000
0.000000
0.000000
0.000000
0.000000
0.000000
0.000000
0.000000
0.000000
0.000000
0.000000
0.000000
0.000000
0.000000
0.000000
0.000000
0.000000
0.000000
0.000000
0.000000
0.000000
0.000000
0.000000
0.000000
0.000000
0.000000
0.000000
0.000000
0.000000
0.000000
0.000000
0.000000
0.000000
0.000000
0.000000
0.000000
0.000000
0.000000
0.000000
0.000000
0.000000
0.000000
0.000000
-0.000633
-0.001633
-0.005387
-0.002285
0.000000
0.000000
0.000000
0.000000
0.000000
-0.002242
0.000000
0.002125
0.001076
-0.001601
-0.000215
0.000000
0.000460
0.000000
-0.002492
0.001364
0.000000
-0.001620
0.000000
0.000000
0.000000
0.000000
0.000000
0.000000
0.000000
0.000000
0.000000
0.000000
0.000000
0.000000
0.000000
0.000000
0.000000
0.000000
0.000000
0.000000
0.000000
0.000000
0.000000
0.000000
0.000000
0.000000
0.000697
0.000068
0.001725
0.000637
0.000000
0.000000
0.000000
0.000000
0.000000
0.002125
0.000000
-0.000261
0.000612
0.001328
0.000299
0.000000
-0.000014
0.000000
-0.001300
0.001129
0.000000
0.004628
0.000000
0.000619
0.000946
0.001394
-0.000711
0.000000
0.000000
0.000000
0.000000
0.000000
0.001076
0.000000
0.000612
0.000635
0.000833
0.001128
0.000000
0.001259
0.000000
0.001428
0.000741
0.000000
0.003772
0.000000
0.000679
0.002151
-0.001189
0.002478
0.000000
0.000000
0.000000
0.000000
0.000000
-0.001601
0.000000
0.001328
0.000833
-0.000808
0.000409
0.000000
0.000405
0.000000
-0.001382
0.001699
0.000000
-0.004393
0.000000
0.000525
0.001262
0.000077
0.000606
0.000000
0.000000
0.000000
0.000000
0.000000
-0.000215
0.000000
0.000299
0.001128
0.000409
0.000763
0.000000
0.000788
0.000000
-0.002695
0.002079
0.000000
0.002591
0.000000
0.000000
0.000000
0.000000
0.000000
0.000000
0.000000
0.000000
0.000000
0.000000
0.000000
0.000000
0.000000
0.000000
0.000000
0.000000
0.000000
0.000000
0.000000
0.000000
0.000000
0.000000
0.000000
0.000000
0.000295
-0.001045
0.004759
-0.001499
0.000000
0.000000
0.000000
0.000000
0.000000
0.000460
0.000000
-0.000014
0.001259
0.000405
0.000788
0.000000
-0.003094
0.000000
0.003990
0.000616
0.000000
0.001832
0.000000
0.000000
0.000000
0.000000
0.000000
0.000000
0.000000
0.000000
0.000000
0.000000
0.000000
0.000000
0.000000
0.000000
0.000000
0.000000
0.000000
0.000000
0.000000
0.000000
0.000000
0.000000
0.000000
0.000000
0.001149
-0.000761
0.000441
0.000856
0.000000
0.000000
0.000000
0.000000
0.000000
-0.002492
0.000000
-0.001300
0.001428
-0.001382
-0.002695
0.000000
0.003990
0.000000
-0.012902
0.002028
0.000000
-0.001014
0.000000
0.000614
0.001197
-0.000588
0.002817
0.000000
0.000000
0.000000
0.000000
0.000000
0.001364
0.000000
0.001129
0.000741
0.001699
0.002079
0.000000
0.000616
0.000000
0.002028
0.000069
0.000000
-0.000406
0.000000
0.000000
0.000000
0.000000
0.000000
0.000000
0.000000
0.000000
0.000000
0.000000
0.000000
0.000000
0.000000
0.000000
0.000000
0.000000
0.000000
0.000000
0.000000
0.000000
0.000000
0.000000
0.000000
0.000000
-0.002859
-0.001318
-0.003224
0.002883
0.000000
0.000000
0.000000
0.000000
0.000000
-0.001620
0.000000
0.004628
0.003772
-0.004393
0.002591
0.000000
0.001832
0.000000
-0.001014
-0.000406
0.000000
-0.010482
0.000000
0.000000
0.000000
0.000000
0.000000
0.000000
0.000000
0.000000
0.000000
0.000000
0.000000
0.000000
0.000000
0.000000
0.000000
0.000000
0.000000
0.000000
0.000000
0.000000
0.000000
0.000000
0.000000
0.000000
0.000648
0.000683
0.000670
0.000674
0.000000
0.000000
-0.000415
0.000000
0.000435
0.000942
0.000000
0.000687
0.000656
-0.000011
0.000684
0.000000
0.000731
0.000000
0.000862
0.000661
0.000000
0.000791
0.000000
0.000683
0.000437
0.000655
0.000898
0.000000
0.000000
-0.000328
0.000000
-0.001419
-0.000715
0.000000
0.000921
0.000354
0.000379
0.001131
0.000000
0.000417
0.000000
0.000397
0.000630
0.000000
-0.001265
0.000000
0.000670
0.000655
0.000470
0.000359
0.000000
0.000000
-0.000214
0.000000
-0.001322
0.000632
0.000000
0.000737
0.000397
0.000057
0.000275
0.000000
0.000400
0.000000
0.001182
0.000794
0.000000
0.000771
0.000000
0.000674
0.000898
0.000359
0.000280
0.000000
0.000000
-0.001848
0.000000
-0.002541
0.002318
0.000000
0.000463
0.000771
0.002293
0.001030
0.000000
0.000112
0.000000
0.001056
0.000805
0.000000
-0.000532
0.000000
0.000000
0.000000
0.000000
0.000000
0.000000
0.000000
0.000000
0.000000
0.000000
0.000000
0.000000
0.000000
0.000000
0.000000
0.000000
0.000000
0.000000
0.000000
0.000000
0.000000
0.000000
0.000000
0.000000
0.000000
0.000000
0.000000
0.000000
0.000000
0.000000
0.000000
0.000000
0.000000
0.000000
0.000000
0.000000
0.000000
0.000000
0.000000
0.000000
0.000000
0.000000
0.000000
0.000000
0.000000
0.000000
0.000000
-0.000415
-0.000328
-0.000214
-0.001848
0.000000
0.000000
-0.027870
0.000000
-0.000102
-0.002751
0.000000
0.002640
0.002613
-0.005080
0.002045
0.000000
-0.000116
0.000000
-0.003786
-0.002240
0.000000
0.002907
0.000000
0.000000
0.000000
0.000000
0.000000
0.000000
0.000000
0.000000
0.000000
0.000000
0.000000
0.000000
0.000000
0.000000
0.000000
0.000000
0.000000
0.000000
0.000000
0.000000
0.000000
0.000000
0.000000
0.000000
0.000435
-0.001419
-0.001322
-0.002541
0.000000
0.000000
-0.000102
0.000000
-0.005347
-0.000091
0.000000
-0.000726
0.000865
-0.002268
-0.000092
0.000000
-0.000066
0.000000
0.000732
-0.003598
0.000000
-0.000368
0.000000
0.000942
-0.000715
0.000632
0.002318
0.000000
0.000000
-0.002751
0.000000
-0.000091
-0.019270
0.000000
0.001207
-0.001617
0.000229
0.002640
0.000000
0.002168
0.000000
0.003036
-0.001532
0.000000
0.001390
0.000000
0.000000
0.000000
0.000000
0.000000
0.000000
0.000000
0.000000
0.000000
0.000000
0.000000
0.000000
0.000000
0.000000
0.000000
0.000000
0.000000
0.000000
0.000000
0.000000
0.000000
0.000000
0.000000
0.000000
0.000687
0.000921
0.000737
0.000463
0.000000
0.000000
0.002640
0.000000
-0.000726
0.001207
0.000000
0.000487
0.000858
0.001292
0.000243
0.000000
0.000001
0.000000
0.000767
0.000730
0.000000
0.000852
0.000000
0.000656
0.000354
0.000397
0.000771
0.000000
0.000000
0.002613
0.000000
0.000865
-0.001617
0.000000
0.000858
0.000628
0.000846
0.000475
0.000000
0.000833
0.000000
-0.000040
0.000560
0.000000
-0.001040
0.000000
-0.000011
0.000379
0.000057
0.002293
0.000000
0.000000
-0.005080
0.000000
-0.002268
0.000229
0.000000
0.001292
0.000846
-0.000731
-0.000220
0.000000
-0.000300
0.000000
0.001105
0.000907
0.000000
0.000595
0.000000
0.000684
0.001131
0.000275
0.001030
0.000000
0.000000
0.002045
0.000000
-0.000092
0.002640
0.000000
0.000243
0.000475
-0.000220
-0.001273
0.000000
0.000655
0.000000
-0.001279
0.000670
0.000000
0.003624
0.000000
0.000000
0.000000
0.000000
0.000000
0.000000
0.000000
0.000000
0.000000
0.000000
0.000000
0.000000
0.000000
0.000000
0.000000
0.000000
0.000000
0.000000
0.000000
0.000000
0.000000
0.000000
0.000000
0.000000
0.000731
0.000417
0.000400
0.000112
0.000000
0.000000
-0.000116
0.000000
-0.000066
0.002168
0.000000
0.000001
0.000833
-0.000300
0.000655
0.000000
-0.001659
0.000000
-0.000919
0.000459
0.000000
-0.002018
0.000000
0.000000
0.000000
0.000000
0.000000
0.000000
0.000000
0.000000
0.000000
0.000000
0.000000
0.000000
0.000000
0.000000
0.000000
0.000000
0.000000
0.000000
0.000000
0.000000
0.000000
0.000000
0.000000
0.000000
0.000862
0.000397
0.001182
0.001056
0.000000
0.000000
-0.003786
0.000000
0.000732
0.003036
0.000000
0.000767
-0.000040
0.001105
-0.001279
0.000000
-0.000919
0.000000
-0.003389
0.000656
0.000000
-0.002975
0.000000
0.000661
0.000630
0.000794
0.000805
0.000000
0.000000
-0.002240
0.000000
-0.003598
-0.001532
0.000000
0.000730
0.000560
0.000907
0.000670
0.000000
0.000459
0.000000
0.000656
0.000412
0.000000
0.001783
0.000000
0.000000
0.000000
0.000000
0.000000
0.000000
0.000000
0.000000
0.000000
0.000000
0.000000
0.000000
0.000000
0.000000
0.000000
0.000000
0.000000
0.000000
0.000000
0.000000
0.000000
0.000000
0.000000
0.000000
0.000791
-0.001265
0.000771
-0.000532
0.000000
0.000000
0.002907
0.000000
-0.000368
0.001390
0.000000
0.000852
-0.001040
0.000595
0.003624
0.000000
-0.002018
0.000000
-0.002975
0.001783
0.000000
-0.011244
0.000000
0.000000
0.000000
0.000000
0.000000
0.000000
0.000000
0.000000
0.000000
0.000000
0.000000
0.000000
0.000000
0.000000
0.000000
0.000000
0.000000
0.000000
0.000000
0.000000
0.000000
0.000000
0.000000
0.000000
0.003439
0.000084
0.000001
-0.000072
0.000000
0.000000
0.000000
0.000000
0.000000
0.000015
0.000000
0.000240
0.000208
-0.000066
-0.000151
0.000000
-0.000052
0.000000
0.000091
0.000391
0.000000
-0.000056
0.000000
-0.003338
0.000085
-0.000024
0.000177
0.000000
0.000000
-0.000154
0.000000
-0.000077
0.000011
0.000000
-0.000265
-0.000455
-0.000105
-0.000056
0.000000
-0.000013
0.000000
0.000097
-0.000086
0.000000
0.000130
0.000000
0.000000
